-110.408249 -115.171855 -95.221744
-114.477555 -119.178783 -132.190541
-114.239636 -115.878529 -128.684079
-114.756868 -103.551859 -146.617161
-86.462159 -99.231872 -99.899692
-97.463217 -104.743786 -108.388746
-96.638150 -91.626961 -96.996253
-95.275537 -95.920650 -71.989118
-107.346561 -107.002180 -99.334070
-107.300168 -115.196655 -127.322481
-104.435175 -104.392857 -106.030548
-105.243630 -124.632078 -126.264640
-88.080187 -88.703812 -84.369022
-99.120308 -107.581955 -105.729177
-86.291998 -86.490956 -87.041881
-89.526933 -88.152454 -89.638555
-77.643381 -101.883897 -118.180480
-85.095202 -93.711697 -102.433344
-81.487907 -82.970571 -96.207392
-75.362765 -76.986148 -73.641134
-64.454963 -64.667501 -52.466936
-64.684393 -71.337568 -74.417148
-76.269695 -71.831351 -77.632493
-80.643948 -74.092065 -67.064847
-47.637152 -61.712443 -73.226985
-66.683453 -51.859543 -62.971732
-48.365986 -47.454582 -47.968339
-45.453191 -52.994460 -39.142433
-31.609356 -27.254210 -13.951373
-41.784984 -44.057243 -44.340981
-45.298826 -48.174723 -46.985283
-34.865433 -27.396236 -38.839029
-4.007815 -29.325893 -97.874273
-24.922489 -28.996660 -35.906469
-22.934779 -23.289745 -24.711262
-13.397164 -16.588462 3.718647
-8.892221 -71.206879 -43.292696
-28.617858 -19.905520 -33.881582
-13.267747 -21.956341 -26.493147
-10.090278 -6.227304 9.274829
-31.228223 -46.639808 -32.287707
-47.162235 -34.973930 -44.590019
-42.003678 -4.267644 -33.158115
-9.729959 -31.737495 49.757718
56.660605 17.927692 -80.917437
-7.692462 66.452802 12.247500
66.662021 41.606015 78.416728
62.102189 55.190159 -22.249628
-11.681497 -16.497976 32.725171
-10.484545 -5.122155 -21.171949
64.580854 70.998912 99.241875
60.236479 -14.385299 -11.633994
194.543357 162.718735 41.377399
87.107708 116.019957 49.950782
132.187296 177.593105 131.744318
200.927483 195.796695 212.479592
-89.195670 -89.654619 -78.872969
-91.382629 -94.018995 -92.555918
-91.440317 -91.415945 -91.337708
-97.298986 -89.444055 -99.879251
-65.237250 -65.583135 -37.388310
-65.810558 -70.838333 -70.400586
-70.578093 -85.626185 -92.496892
-67.612703 -57.258651 -120.561491
-35.547766 -35.624154 -35.594535
-38.030166 -46.012890 -38.241276
-38.532909 -57.958214 -64.888035
-45.962066 -36.805648 -46.093131
-95.864549 -100.494286 -120.456756
-99.411489 -108.457085 -106.476423
-99.391498 -95.570381 -148.019163
-97.436281 -96.690981 -52.693649
-70.256433 -80.436867 -152.708938
-77.427654 -70.542469 -109.638648
-70.537793 -76.820174 -167.681015
-70.298079 -70.231156 -28.381124
-48.448537 -48.414161 -102.958052
-48.789494 -57.752680 -92.205574
-48.809997 -50.175113 -108.306414
-62.664396 -59.228958 5.069397
-18.351411 -20.143516 -42.952318
-22.559585 -24.112731 -65.404793
-21.616762 -15.460415 -65.196948
-16.950647 -16.329913 44.255481
47.976659 38.344346 125.255625
29.137954 21.653122 20.996093
18.427506 -5.237977 -40.317752
27.027519 92.879636 -30.676514
93.815697 103.337668 157.049318
87.235526 12.553774 1.284273
54.729806 51.952619 50.805383
69.689877 94.582371 62.131884
182.940143 171.275605 186.264184
160.937188 139.652020 18.252643
135.431669 183.635363 159.131375
202.212627 199.395674 200.290619
